3
4;10
4;10
4;10
1;1;1;V; Rope; 4; 7;16;23;80;600;5
V; Rope; 4; 7;16;23;80;600;5
V; Rope; 4; 7;16;23;80;600;5
V; Rope; 4; 7;16;23;80;600;5
V; Rope; 4; 7;16;23;80;600;5
V; Rope; 4; 7;16;23;80;600;5
V; Rope; 4; 7;16;23;80;600;5
V; Rope; 4; 7;16;23;80;600;5
V; Rope; 4; 7;16;23;80;600;5
V; Rope; 4; 7;16;23;80;600;5
V; Rope; 4; 7;16;23;80;600;5
V; Rope; 4; 7;16;23;80;600;5
V; Rope; 4; 7;16;23;80;600;5
V; Rope; 4; 7;16;23;80;600;5
V; Rope; 4; 7;16;23;80;600;5
V; Rope; 4; 7;16;23;80;600;5
V; Rope; 4; 7;16;23;80;600;5
V; Rope; 4; 7;16;23;80;600;5
V; Rope; 4; 7;16;23;80;600;5
V; Rope; 4; 7;16;23;80;600;5
V; Rope; 4; 7;16;23;80;600;5
V; Rope; 4; 7;16;23;80;600;5
V; Rope; 4; 7;16;23;80;600;5
V; Rope; 4; 7;16;23;80;600;5
V; Rope; 4; 7;16;23;80;600;5
V; Rope; 4; 7;16;23;80;600;5
V; Rope; 4; 7;16;23;80;600;5
V; Rope; 4; 7;16;23;80;600;5
V; Rope; 4; 7;16;23;80;600;5
V; Rope; 4; 7;16;23;80;600;5
V; Rope; 4; 7;16;23;80;600;5
V; Rope; 4; 7;16;23;80;600;5
V; Rope; 4; 7;16;23;80;600;5
V; Rope; 4; 7;16;23;80;600;5
V; Rope; 4; 7;16;23;80;600;5
V; Rope; 4; 7;16;23;80;600;5
V; Rope; 4; 7;16;23;80;600;5
V; Rope; 4; 7;16;23;80;600;5
V; Rope; 4; 7;16;23;80;600;5
V; Rope; 4; 7;16;23;80;600;5
